1628
4 92 350 420 494 
4 701 722 770 783 
4 817 1244 1262 1300 
4 1363 1367 1387 1432 
4 1566 1577 1736 1790 
4 1842 2014 2048 2063 
4 2217 2247 2258 2273 
4 2404 2593 2609 2684 
4 2971 2975 2989 3130 
4 3206 3277 3285 3288 
4 3378 3460 3551 3720 
4 3800 3850 3959 3962 
4 4264 4265 4347 4459 
4 4543 4603 4722 4748 
4 4934 5000 5004 5112 
4 5139 5270 5291 5385 
4 5630 5762 6271 6276 
4 6399 6552 6712 6775 
4 6795 6874 6906 6987 
4 7039 7144 7169 7189 
4 7291 7446 7469 7552 
4 7641 7708 7774 7810 
4 7908 8005 8069 8169 
4 8218 8225 8350 8362 
4 8404 8457 8490 8492 
4 8538 8575 8619 8680 
4 8691 8795 8916 8971 
4 9061 9093 9420 9441 
4 9467 9494 9517 9581 
4 9738 9780 9824 9918 
4 35 102 205 246 
4 375 551 663 857 
4 882 929 944 1011 
4 1072 1257 1280 1309 
4 1370 1573 1651 1739 
4 1771 1879 1910 2151 
4 2223 2287 2290 2341 
4 2465 2618 2655 2677 
4 2719 2943 2986 3185 
4 3230 3252 3282 3294 
4 3336 3390 3436 3652 
4 3836 3858 4017 4072 
4 4207 4275 4276 4432 
4 4462 4497 4687 4853 
4 4889 4903 4921 5016 
4 5116 5119 5165 5243 
4 5258 5312 5381 5414 
4 5475 5626 5759 5933 
4 6084 6116 6138 6221 
4 6267 6327 6383 6408 
4 6433 6469 6594 6736 
4 6867 6898 6936 7054 
4 7082 7114 7226 7312 
4 7680 7790 8046 8074 
4 8092 8102 8120 8207 
4 8249 8403 8787 8800 
4 8910 8989 8993 9067 
4 9300 9417 9428 9454 
4 9460 9481 9567 9725 
4 9850 9953 15 73 
4 155 320 539 588 
4 655 914 932 1014 
4 1251 1342 1360 1380 
4 1398 1420 1500 1603 
4 1719 2005 2111 2317 
4 2369 2413 2588 2641 
4 2643 2764 2853 2904 
4 2991 3380 3406 3441 
4 3461 3545 3550 3576 
4 3766 3778 3831 3955 
4 4241 4493 4601 5062 
4 5186 5319 5477 5587 
4 5590 5620 5629 6139 
4 6159 6325 6418 6431 
4 6475 6696 6722 6980 
4 7021 7034 7133 7338 
4 7448 7452 7589 7650 
4 7941 8050 8096 8191 
4 8192 8280 8514 8520 
4 8825 8840 8914 9116 
4 9125 9169 9287 9308 
4 9353 9381 9388 9607 
4 9923 9998 99 429 
4 440 563 743 1112 
4 1245 1247 1463 1468 
4 1493 1641 1792 1795 
4 1828 2017 2455 2507 
4 2519 2581 2638 2945 
4 3081 3197 3377 3384 
4 3387 3533 3535 3571 
4 3603 3682 3742 3931 
4 4008 4084 4114 4536 
4 4541 4576 4589 4593 
4 4743 4968 4998 5202 
4 5221 5228 5440 5552 
4 5618 5634 5857 5999 
4 6043 6103 6236 6360 
4 6503 6710 6878 6991 
4 7035 7113 7182 7323 
4 7348 7450 7597 7705 
4 7811 7933 8029 8054 
4 8121 8512 8666 8765 
4 8959 9127 9228 9290 
4 9704 9740 9898 9939 
4 52 116 135 266 
4 368 470 524 528 
4 569 680 713 927 
4 1025 1104 1108 1123 
4 1236 1274 1343 1457 
4 1662 1748 1752 1757 
4 1776 1893 1938 1940 
4 1950 2132 2286 2640 
4 2721 2778 2832 2871 
4 3198 3435 3525 3572 
4 3732 3751 3755 3876 
4 4111 4130 4145 4310 
4 4418 4580 4680 4686 
4 4749 4759 4812 5069 
4 5394 5403 5597 5684 
4 5818 5878 5937 5971 
4 6048 6086 6182 6190 
4 6217 6251 6295 6303 
4 6369 6461 6658 6855 
4 7029 7203 7379 7396 
4 7575 7738 8217 8226 
4 8271 8300 8416 8445 
4 8481 8574 8587 8649 
4 8678 8974 9113 9132 
4 9317 9334 9395 9445 
4 9477 9537 9708 9782 
4 9796 9817 9947 9967 
4 9992 167 223 724 
4 989 1033 1185 1241 
4 1310 1408 1448 1617 
4 1676 1772 1901 2760 
4 2767 2845 3094 3100 
4 3116 3152 3215 3245 
4 3287 3393 3459 3642 
4 3815 3829 3868 3908 
4 3970 4039 4086 4159 
4 4180 4349 4755 4760 
4 4864 4999 5092 5447 
4 5486 5555 5560 5826 
4 6066 6200 6523 6597 
4 6909 6916 7107 7160 
4 7358 7376 7378 7455 
4 7477 7503 8024 8041 
4 8157 8188 8255 8428 
4 8764 8953 9012 9040 
4 9112 9147 9351 9412 
4 9455 9480 9640 9666 
4 9808 9878 9916 9949 
4 9979 9980 259 344 
4 495 506 625 779 
4 1017 1169 1379 1428 
4 1434 1455 1769 1844 
4 2145 2366 2637 2735 
4 2753 3032 3056 3148 
4 3319 3430 3490 3699 
4 3826 3957 3960 4015 
4 4024 4051 4081 4152 
4 4181 4199 4253 4342 
4 4350 4396 4606 4872 
4 4897 4941 5033 5050 
4 5405 5650 5893 5984 
4 6004 6241 6820 6872 
4 6970 7053 7244 7317 
4 7328 7456 8048 8279 
4 8467 8483 8693 8782 
4 8887 8892 8905 9053 
4 9396 9509 9783 9940 
4 36 125 971 981 
4 1019 1089 1144 1314 
4 1325 1456 1458 1730 
4 1785 1855 2069 2302 
4 2445 2491 2644 2679 
4 2780 2844 2865 2869 
4 2923 3093 3151 3388 
4 3404 3556 3589 3627 
4 3701 3711 3921 3979 
4 4125 4166 4304 4364 
4 4454 4471 4590 4654 
4 4799 4905 5109 5230 
4 5354 5374 5390 5565 
4 5571 5654 5673 5735 
4 5976 6061 6067 6194 
4 6386 6422 6588 6758 
4 6793 6802 7304 7722 
4 7754 7784 7816 7837 
4 8243 8301 8515 8622 
4 8706 8843 8949 9109 
4 9191 9279 9310 9422 
4 9442 9452 9510 9541 
4 9731 9758 9809 9997 
4 276 339 518 702 
4 718 747 841 897 
4 994 1048 1067 1255 
4 1365 1721 1913 1926 
4 2037 2040 2078 2090 
4 2130 2276 2458 2667 
4 2670 2714 2815 2851 
4 2938 2965 2973 2984 
4 3160 3190 3200 3236 
4 3359 3462 3709 3713 
4 3779 4068 4201 4303 
4 4338 4348 4499 4597 
4 4673 4745 4869 4927 
4 5143 5344 5348 5695 
4 5704 5871 5930 6013 
4 6071 6091 6092 6204 
4 6207 6322 6608 6667 
4 6732 6877 7027 7070 
4 7084 7242 7411 7538 
4 7609 7630 7701 7762 
4 7765 8184 8315 8385 
4 8427 8627 8705 8769 
4 8943 8973 9049 9058 
4 9064 9288 9402 9472 
4 9518 9827 9831 9897 
4 9925 109 330 387 
4 397 426 454 479 
4 497 665 707 721 
4 843 1028 1126 1215 
4 1239 1394 1425 1520 
4 1674 1896 2004 2015 
4 2031 2032 2053 2158 
4 2187 2197 2338 2446 
4 2524 2613 2654 2675 
4 2777 2791 2822 2914 
4 3036 3071 3103 3162 
4 3456 3520 3659 3723 
4 3872 3946 3974 3999 
4 4003 4250 4395 4420 
4 4460 4586 4862 5103 
4 5288 5434 5605 5679 
4 5737 5738 5780 5843 
4 5846 5855 5858 6164 
4 6515 6729 6768 6954 
4 7073 7193 7325 7619 
4 7720 7763 7930 7976 
4 8025 8033 8285 8402 
4 8544 8664 8723 8937 
4 9170 9476 9707 9753 
4 286 488 535 543 
4 861 913 1069 1232 
4 1312 1486 1637 1680 
4 1900 2099 2350 2387 
4 2542 2606 2855 2868 
4 2893 2894 2992 3067 
4 3143 3180 3232 3264 
4 3342 3733 3740 3770 
4 4067 4302 4378 4624 
4 4730 4744 4831 4849 
4 5071 5114 5204 5248 
4 5307 5334 5372 5500 
4 5507 5572 5761 5805 
4 6041 6555 6863 6879 
4 6895 6908 7285 7428 
4 7505 7562 7572 7582 
4 7687 7867 8125 8234 
4 8295 8352 8378 8484 
4 8580 8790 8921 9389 
4 9461 9531 9598 9653 
4 317 442 548 661 
4 679 694 969 1121 
4 1242 1630 1816 1906 
4 1921 2027 2135 2321 
4 2322 2440 2478 2497 
4 3010 3139 3182 3433 
4 3604 3725 3986 4021 
4 4029 4383 4401 4585 
4 4815 4908 4909 5301 
4 5318 5408 5502 5567 
4 6001 6032 6165 6211 
4 6238 6397 6449 6786 
4 6978 7044 7161 7199 
4 7282 7435 7437 7806 
4 7874 7974 8088 8216 
4 8482 8489 8589 8621 
4 8630 8674 8802 8884 
4 8976 9056 9202 9306 
4 9335 9497 9683 9688 
4 9756 9790 9924 79 
4 90 104 166 560 
4 647 758 852 933 
4 1051 1098 1125 1417 
4 1446 1560 1643 1797 
4 1991 2034 2119 2263 
4 2374 2394 2414 2482 
4 2534 2547 2625 2755 
4 2768 2816 2880 3065 
4 3231 3304 3351 3421 
4 3726 3920 3998 4162 
4 4168 4295 4366 4472 
4 4476 4485 4587 4652 
4 4805 4836 4970 5031 
4 5089 5320 5445 5468 
4 5506 5645 5667 5987 
4 6362 6465 6502 6626 
4 6717 6813 6896 7280 
4 7366 7449 7497 7601 
4 7714 7769 7940 8071 
4 8262 8324 8339 8394 
4 8414 8444 8710 8847 
4 8869 8917 8926 9077 
4 9466 9630 9697 84 
4 474 547 599 830 
4 879 946 951 980 
4 1397 1472 1710 1760 
4 1863 1875 1914 1916 
4 2093 2261 2284 2315 
4 2403 2496 2710 2738 
4 2742 2926 2995 3098 
4 3166 3183 3548 3601 
4 3609 3631 3661 3706 
4 3767 3886 3900 3967 
4 3989 4049 4073 4118 
4 4261 4385 4626 4719 
4 4751 4776 4974 5226 
4 5326 5459 5623 5932 
4 5955 5975 6214 6287 
4 6292 6883 6997 7191 
4 7234 7468 7519 7537 
4 7563 7685 7846 7860 
4 7947 8126 8178 8358 
4 8369 8386 8885 9034 
4 9071 9103 9657 9760 
4 9801 29 100 113 
4 231 351 445 490 
4 501 580 584 692 
4 710 751 790 1204 
4 1246 1272 1657 1894 
4 1997 2041 2113 2114 
4 2189 2256 2438 2576 
4 2616 3040 3113 3140 
4 3163 3429 3468 3592 
4 3650 3982 4210 4225 
4 4268 4324 4336 4481 
4 4779 4784 4947 5433 
4 5564 5687 5711 5716 
4 5775 5784 5827 6299 
4 6317 6335 6346 6424 
4 6437 6464 6486 6568 
4 6861 6926 6951 6995 
4 7188 7354 7598 7707 
4 7747 7912 8051 8057 
4 8182 8317 8448 8460 
4 8488 8531 8656 8704 
4 8799 8841 8909 8920 
4 9001 9167 9268 9277 
4 9373 9676 9739 9915 
4 9937 9938 46 212 
4 243 460 664 787 
4 905 1034 1175 1419 
4 1600 1659 1697 1779 
4 1784 2434 2441 2487 
4 2493 2501 2539 2559 
4 2639 2682 3805 3814 
4 4061 4071 4190 4204 
4 4278 4362 4772 4785 
4 4824 5154 5425 5490 
4 5656 5707 5988 6047 
4 6333 6385 6394 6601 
4 6657 6893 7004 7012 
4 7056 7141 7181 7205 
4 7297 7331 7472 7482 
4 7506 7560 7612 7767 
4 7904 7926 7952 8072 
4 8149 8341 8476 8480 
4 9110 9315 9378 9515 
4 9654 9757 9845 9919 
4 334 354 416 705 
4 731 813 853 873 
4 925 1193 1362 1390 
4 1449 1482 1702 1715 
4 1746 1780 1791 1823 
4 1927 2177 2429 2430 
4 2494 2708 2761 2830 
4 2833 2867 3005 3013 
4 4083 4101 4282 4391 
4 4448 4765 4803 4984 
4 5065 5087 5283 5392 
4 5484 5525 5541 5659 
4 5708 5743 5821 5927 
4 6140 6218 6349 6532 
4 6587 6847 6889 7006 
4 7126 7269 7277 7294 
4 7355 7520 7691 8018 
4 8042 8060 8066 8175 
4 8208 8281 8288 8349 
4 8357 8690 8718 9033 
4 9133 9163 9358 9705 
4 9956 345 366 592 
4 685 732 755 941 
4 1007 1281 1293 1356 
4 1660 1759 1798 2073 
4 2182 2615 2648 2737 
4 2787 2896 2958 2960 
4 3034 3238 3317 3397 
4 3465 3514 3653 3764 
4 4129 4382 4431 4615 
4 4647 4778 4800 4878 
4 5144 5402 5438 5520 
4 5524 5647 5669 6115 
4 6172 6298 6376 6439 
4 6489 6575 6589 6598 
4 6779 6816 6884 6911 
4 6941 7158 7173 7195 
4 7214 7746 7836 7935 
4 8290 8296 8343 8577 
4 8687 8743 8798 8830 
4 8871 8935 8980 8983 
4 9231 9242 9492 9674 
4 9743 9857 9874 9983 
4 50 126 285 340 
4 386 399 408 624 
4 991 1041 1156 1629 
4 1675 1945 2071 2156 
4 2209 2250 2339 2396 
4 2626 2788 2849 3014 
4 3128 3168 3305 3507 
4 3537 3569 3594 3597 
4 3776 4023 4183 4212 
4 4213 4223 4319 4397 
4 4528 4569 5102 5232 
4 5337 5411 5435 5532 
4 5911 5990 6624 6716 
4 6785 6943 7028 7324 
4 7470 7776 7817 7838 
4 7869 7955 8260 8261 
4 8327 8518 8858 8999 
4 9095 9141 9203 9216 
4 9404 9408 9574 9587 
4 9766 9791 9841 80 
4 247 282 353 807 
4 878 891 945 952 
4 1030 1053 1150 1173 
4 1240 1368 1392 1666 
4 1682 1722 1786 2118 
4 2183 2214 2362 2623 
4 2784 2901 2940 3000 
4 3470 3524 3613 3710 
4 3881 3981 4033 4045 
4 4087 4182 4189 4296 
4 4332 4346 4368 4560 
4 4707 4838 4881 4991 
4 5011 5039 5076 5269 
4 5305 5314 5335 5452 
4 5830 5841 5880 6113 
4 6117 6672 6695 6728 
4 7137 7146 7284 7336 
4 7351 7485 7676 7702 
4 7723 7879 7998 8145 
4 8335 8623 8846 8904 
4 8922 9185 9405 9665 
4 9672 9909 42 233 
4 557 712 851 855 
4 869 963 1229 1375 
4 1431 1441 1498 2092 
4 2139 2346 2416 2421 
4 2624 2981 3069 3175 
4 3184 3291 3538 3599 
4 3606 3676 3702 3855 
4 3910 4085 4096 4178 
4 4289 4455 4542 4629 
4 4682 4753 4817 5130 
4 5152 5194 5249 5300 
4 5455 5497 5638 5662 
4 5797 5806 6355 6538 
4 6665 6688 6691 6791 
4 6826 6974 7303 7422 
4 7604 7644 7718 7750 
4 7910 7968 8030 8055 
4 8106 8140 8583 8634 
4 8700 8724 8809 8818 
4 8856 8896 8901 8925 
4 8939 9052 9079 9088 
4 9177 9292 9304 9439 
4 9516 9579 9615 9777 
4 48 75 176 585 
4 699 742 1024 1026 
4 1092 1264 1291 1545 
4 1565 1919 1962 2195 
4 2292 2312 2360 2449 
4 2450 2528 2820 2979 
4 3250 3345 3418 3452 
4 3512 3605 3687 3737 
4 3952 3964 4146 4203 
4 4380 4404 4510 4643 
4 4729 4809 4900 5093 
4 5478 5712 5922 5923 
4 6030 6089 6413 6689 
4 6759 6789 6892 6977 
4 7402 7495 7615 7698 
4 7728 8091 8105 8111 
4 8266 8294 8307 8510 
4 8588 8699 8888 8982 
4 9118 9184 9262 9520 
4 9639 9928 98 232 
4 310 324 484 564 
4 667 744 874 890 
4 918 1128 1384 1389 
4 1528 1604 1670 1692 
4 1782 2233 2599 2917 
4 3061 3365 3372 3851 
4 3923 3976 4075 4140 
4 4171 4281 4316 4343 
4 4526 4539 4552 4945 
4 5022 5115 5284 5285 
4 5393 5431 5562 5637 
4 5795 6372 6530 6609 
4 6642 6653 6798 6928 
4 6955 6992 7023 7128 
4 7440 7621 7779 7798 
4 7865 7997 8112 8306 
4 8308 8330 8421 8433 
4 8590 8611 8741 8852 
4 9080 9293 9401 9440 
4 9449 9503 9840 9875 
4 9911 9936 5 122 
4 129 377 389 617 
4 657 748 754 824 
4 985 1268 1269 1304 
4 1834 2354 2454 2477 
4 2701 3207 3483 3510 
4 3574 3575 3630 3786 
4 3919 3937 3954 3996 
4 4007 4105 4186 4563 
4 4566 4677 4866 4915 
4 5084 5110 5184 5195 
4 5352 5450 5519 5787 
4 5953 6011 6037 6070 
4 6080 6173 6318 6455 
4 6573 6603 7213 7225 
4 7232 7256 7271 7566 
4 7775 8076 8146 8471 
4 8496 8668 8946 8948 
4 9430 9435 9482 9504 
4 9558 9562 9619 9652 
4 9668 9847 14 134 
4 265 552 749 816 
4 1003 1334 1354 1481 
4 1543 1548 1607 1644 
4 1773 2079 2236 2392 
4 2408 2448 2650 2813 
4 3063 3241 3303 3369 
4 3410 3688 3738 3874 
4 3938 4242 4612 4665 
4 4683 5034 5078 5126 
4 5261 5264 5561 5703 
4 5934 5942 6020 6235 
4 6525 6564 6572 6891 
4 6910 6946 7076 7157 
4 7301 7755 7996 8070 
4 8082 8162 8360 8364 
4 8459 8565 8755 9391 
4 9416 9522 9805 261 
4 364 367 369 975 
4 1222 1414 1451 1537 
4 1596 1689 1709 1738 
4 1960 2056 2077 2133 
4 2180 2188 2219 2257 
4 2266 2319 2574 2774 
4 2800 2856 2913 3739 
4 3758 3771 3832 3833 
4 3861 4056 4117 4192 
4 4299 4326 4463 5002 
4 5025 5037 5124 5145 
4 5223 5290 5292 5421 
4 5575 5646 6122 6268 
4 6347 6482 6760 6865 
4 7009 7420 7508 7885 
4 8014 8245 8408 8558 
4 8783 8912 8958 9025 
4 9142 9285 9463 9508 
4 9565 9889 19 26 
4 43 127 327 357 
4 438 907 996 1038 
4 1349 1352 1572 1887 
4 1903 1907 1925 2058 
4 2146 2150 2355 2383 
4 2748 2779 2826 2840 
4 2915 2998 3003 3101 
4 3122 3237 3269 3432 
4 3489 3646 3703 3864 
3 3934 4169 4315 
3 4321 4424 4437 
3 4484 4825 4835 
3 4854 4955 5216 
3 5315 5501 5648 
3 5664 5764 5801 
3 5810 5861 5868 
3 5992 6027 6124 
3 6145 6181 6462 
3 6505 6646 6780 
3 6819 6900 6966 
3 7115 7147 7353 
3 7390 7473 7780 
3 7905 8194 8205 
3 8313 8337 8390 
3 8504 8720 8738 
3 8902 9069 9273 
3 9642 9834 9899 
3 9913 9994 95 
3 105 400 436 
3 447 476 716 
3 772 792 892 
3 1301 1373 1503 
3 1672 1687 1815 
3 1990 2255 2283 
3 2361 2460 2646 
3 2699 2846 2918 
3 3224 3289 3298 
3 3398 3448 3568 
3 3614 3649 4294 
3 4329 4446 4827 
3 4931 5075 5142 
3 5159 5349 5396 
3 5465 5546 5739 
3 5935 6250 6310 
3 6442 6546 6561 
3 6663 6781 6838 
3 6886 6931 6934 
3 6949 7016 7051 
3 7240 7403 7414 
3 7487 8013 8020 
3 8151 8370 8582 
3 9144 9195 9343 
3 9432 9512 9687 
3 9702 9893 21 
3 331 595 1052 
3 1124 1143 1213 
3 1327 1442 1592 
3 1602 1605 1957 
3 1966 2103 2409 
3 2419 2617 2729 
3 2818 2969 3007 
3 3043 3045 3181 
3 3192 3221 3249 
3 3284 3403 3554 
3 3562 3735 4010 
3 4154 4219 4345 
3 4924 5415 5582 
3 5608 5715 5723 
3 5746 5753 5847 
3 5867 5996 6029 
3 6056 6059 6131 
3 6219 6324 6338 
3 6348 6440 6521 
3 6566 6764 6790 
3 6869 6907 6929 
3 7080 7124 7373 
3 7478 7605 7709 
3 7999 8270 8450 
3 9115 9385 9627 
3 9671 9750 9762 
3 1 66 141 
3 250 295 363 
3 455 504 561 
3 619 775 808 
3 810 838 1163 
3 1623 1698 1871 
3 1905 1933 1974 
3 2109 2194 2391 
3 2443 2471 2763 
3 2810 3234 3320 
3 3532 3865 3943 
3 3958 4138 4256 
3 4270 4411 4548 
3 4570 4608 4820 
3 4901 5306 5420 
3 5706 5802 5997 
3 6045 6083 6191 
3 6247 6501 6894 
3 7143 7548 7576 
3 8095 8124 8127 
3 8130 8354 8371 
3 8550 8566 8781 
3 9349 9364 9501 
3 9593 9596 9727 
3 9826 9835 9982 
3 9989 382 434 
3 469 496 578 
3 681 762 765 
3 1078 1531 1655 
3 1968 1981 2003 
3 2208 2244 2397 
3 2479 2530 2605 
3 2631 2724 2792 
3 2796 2864 2972 
3 3171 3260 3315 
3 3565 3622 3640 
3 3660 3683 3774 
3 3820 3835 3948 
3 4277 4429 4888 
3 5358 5412 5655 
3 5660 5765 5768 
3 5781 5799 5866 
3 6062 6099 6100 
3 6262 6423 6487 
3 6548 6599 6641 
3 6687 6755 6801 
3 6975 7207 7462 
3 7517 7635 7918 
3 8007 8107 8283 
3 8399 8669 8688 
3 8708 8792 8829 
3 8995 9104 9199 
3 9253 9392 9403 
3 9437 9485 9621 
3 9643 9729 9803 
3 187 239 254 
3 601 612 614 
3 704 715 785 
3 1328 1633 2001 
3 2021 2178 2225 
3 2336 2468 2666 
3 2704 2744 2794 
3 2838 2857 3366 
3 3458 3598 3634 
3 3638 3971 4119 
3 4433 4503 4540 
3 4568 4816 4993 
3 5053 5054 5091 
3 5185 5289 5302 
3 5580 6120 6135 
3 6169 6249 6388 
3 6610 6625 6836 
3 6837 6979 7049 
3 7254 7265 7295 
3 7352 7568 7587 
3 7591 7593 7681 
3 7892 7979 8016 
3 8181 8269 8526 
3 8551 8719 8774 
3 8942 8966 9054 
3 9130 9174 9377 
3 9728 9763 9781 
3 9945 119 277 
3 505 979 1008 
3 1083 1088 1103 
3 1294 1386 1421 
3 1459 1733 1794 
3 2067 2084 2270 
3 2275 2371 2630 
3 2970 2976 3066 
3 3159 3172 3666 
3 3729 3856 3918 
3 3995 4005 4037 
3 4127 4353 4492 
3 4674 4756 4844 
3 5129 5196 5224 
3 5242 5692 5842 
3 5894 5914 5946 
3 5956 5974 6044 
3 6286 6706 6810 
3 7164 7288 7539 
3 7620 7891 7913 
3 8078 8236 8351 
3 8586 8657 8878 
3 8899 8962 9039 
3 9108 9160 9219 
3 9352 9424 9563 
3 9789 9867 9872 
3 581 832 1057 
3 1070 1544 1626 
3 2076 2262 2521 
3 2678 2902 3009 
3 3077 3204 3283 
3 3374 3501 3552 
3 3560 3668 3848 
3 3925 4070 4121 
3 4306 4370 4436 
3 4531 4700 4735 
3 4850 4852 5111 
3 5138 5193 5339 
3 5670 5688 5852 
3 6025 6106 6368 
3 6488 6771 7046 
3 7370 7380 7737 
3 7831 7967 8292 
3 8788 9026 9207 
3 9244 9677 9926 
3 390 606 623 
3 966 967 1042 
3 1155 1263 1366 
3 1860 1956 1967 
3 1977 2131 2174 
3 2249 2316 2327 
3 2513 2690 2739 
3 2850 2930 3354 
3 3392 3528 3731 
3 3867 3975 4110 
3 4115 4142 4288 
3 4341 4515 4530 
3 4698 4782 4873 
3 4936 4988 5180 
3 5217 5303 5369 
3 5432 5750 5874 
3 6014 6504 6679 
3 6723 7038 7263 
3 7287 7341 7442 
3 7893 8083 8122 
3 8377 8547 8844 
3 8848 9005 9018 
3 9066 9090 9493 
3 9513 9544 9792 
3 107 190 237 
3 244 262 410 
3 503 553 1005 
3 1189 1267 1315 
3 1402 1489 1758 
3 1826 2171 2251 
3 2411 2474 2925 
3 3033 3408 3478 
3 3481 3675 3741 
3 3909 3953 4035 
3 4113 4274 4408 
3 4620 4963 5012 
3 5256 5353 5367 
3 5748 5967 6072 
3 6345 6379 6507 
3 6807 6888 7180 
3 7227 7300 7498 
3 7599 7645 7649 
3 7739 7760 7787 
3 7794 7866 7909 
3 7928 8017 8023 
3 8099 8274 8329 
3 8391 8552 8598 
3 8672 9153 9180 
3 9211 9249 9355 
3 9658 9912 235 
3 284 294 352 
3 475 637 809 
3 1055 1141 1219 
3 1225 1338 1490 
3 1539 1576 1628 
3 2097 2291 2347 
3 2523 2557 2860 
3 2967 3068 3219 
3 3358 3714 4216 
3 4280 4458 4618 
3 4795 4919 5036 
3 5137 5201 5218 
3 5360 5407 5454 
3 5485 5521 5675 
3 6019 6057 6406 
3 6460 6684 6734 
3 6982 7062 7122 
3 7625 7853 7886 
3 8195 8422 8436 
3 8522 8647 8807 
3 8817 8838 8963 
3 9138 9206 9444 
3 9462 9842 138 
3 140 162 856 
3 920 950 1018 
3 1109 1151 1218 
3 1319 1324 1438 
3 1506 1645 1741 
3 1931 2269 2379 
3 2473 2580 2688 
3 2717 2829 2888 
3 3326 3915 4022 
3 4042 4123 4234 
3 4317 4658 4834 
3 4920 5179 5220 
3 5436 5456 5876 
3 5995 6105 6660 
3 6683 6765 6825 
3 7089 7200 7235 
3 7389 7570 7657 
3 7679 7873 7901 
3 8237 8323 8505 
3 8528 8827 9017 
3 9257 9331 9348 
3 9379 9384 9681 
3 9798 9902 9951 
3 9975 222 242 
3 629 736 942 
3 993 1054 1663 
3 1982 2568 2876 
3 3039 3314 3500 
3 3612 3768 3837 
3 3907 4053 4120 
3 4257 4266 4409 
3 4500 4697 4781 
3 5079 5127 5247 
3 5331 5458 5491 
3 5499 5661 5668 
3 5701 5789 5960 
3 6277 6374 6817 
3 6829 6950 6996 
3 7002 7224 7293 
3 7335 7429 7535 
3 7771 8213 8497 
3 8521 8760 8813 
3 9136 9266 9427 
3 9661 9700 9955 
3 9970 248 337 
3 519 591 632 
3 696 761 788 
3 943 957 1076 
3 1223 1410 1515 
3 1803 1805 1858 
3 1885 2044 2230 
3 2680 2698 2720 
3 2790 2801 3046 
3 3270 3423 3684 
3 3801 4065 4128 
3 4243 4761 4764 
3 4930 4944 4967 
3 5293 5317 5395 
3 5464 5554 5636 
3 5642 5749 5755 
3 6281 6527 6670 
3 6707 6806 6918 
3 7020 7031 7438 
3 8366 8451 8536 
3 8620 8906 8936 
3 8979 9278 9309 
3 9409 9591 9616 
3 9786 9903 9969 
3 9973 216 427 
3 1022 1064 1068 
3 1217 1243 1285 
3 1345 1443 1530 
3 1567 1872 2042 
3 2204 2248 2306 
3 2349 2620 2910 
3 3054 3119 3179 
3 3290 3349 3588 
3 3624 3658 3890 
3 4013 4313 4519 
3 4645 5021 5123 
3 5135 5545 5604 
3 5726 5760 5798 
3 5936 6274 6403 
3 6536 6750 6940 
3 7106 7112 7350 
3 7571 7801 7932 
3 8113 8158 8171 
3 8223 8246 8254 
3 8291 8319 8735 
3 8945 9076 9237 
3 9318 9339 9622 
3 9950 8 64 
3 165 196 267 
3 492 527 570 
3 1091 1303 1391 
3 1473 1691 1745 
3 1995 2018 2181 
3 3048 3079 3331 
3 3447 3693 3762 
3 3763 4012 4080 
3 4133 4195 4227 
3 4239 4413 4583 
3 4684 4868 5160 
3 5267 5311 5388 
3 5588 5685 5943 
3 6073 6114 6661 
3 6718 6840 6858 
3 7339 7486 7670 
3 8090 8100 8185 
3 8227 8302 8368 
3 8389 8458 8913 
3 9045 9236 9258 
3 9387 9645 9904 
3 9960 74 158 
3 220 374 510 
3 572 670 1578 
3 1727 1852 2054 
3 2088 2253 2299 
3 2332 2476 2696 
3 2734 2743 2885 
3 2919 3026 3111 
3 3400 3446 3936 
3 4082 4109 4414 
3 4423 4757 4895 
3 5027 5309 5528 
3 5603 5639 5677 
3 5822 6150 6239 
3 6272 6378 6427 
3 6512 6652 6709 
3 6875 6885 7185 
3 7421 7476 7843 
3 7894 8400 8424 
3 8772 8867 9037 
3 9178 9254 9303 
3 9589 9641 9735 
3 9883 555 567 
3 650 700 928 
3 1035 1176 1295 
3 1337 1346 1435 
3 1454 1608 1859 
3 1970 2107 2140 
3 2561 2660 2997 
3 3667 3722 3988 
3 4006 4198 4229 
3 4300 4360 4547 
3 5015 5057 5105 
3 5542 5689 5690 
3 5709 6518 6543 
3 6767 6860 6866 
3 7025 7241 7347 
3 7377 7646 7854 
3 8156 8230 8475 
3 8928 9208 9291 
3 9347 9764 91 
3 380 587 609 
3 646 812 1145 
3 1186 1550 1686 
3 1999 2075 2100 
3 2224 2301 2594 
3 2614 2693 2703 
3 3255 3328 3471 
3 3494 3625 3901 
3 4108 4191 4494 
3 4512 4533 4610 
3 4728 4740 4763 
3 4962 4985 5063 
3 5070 5296 5537 
3 5543 5624 5674 
3 5767 5940 5963 
3 6305 6321 6438 
3 6458 6496 6593 
3 6815 7063 7345 
3 7417 7611 7773 
3 7897 8443 8660 
3 8730 8739 8762 
3 8831 9470 9628 
3 9723 9733 904 
3 1474 1582 2238 
3 2651 2659 3018 
3 3177 3187 3218 
3 3251 3360 3734 
3 3772 3797 3847 
3 3897 3968 4025 
3 4028 4309 4642 
3 5003 5095 5298 
3 5321 5384 5591 
3 5734 5888 5969 
3 6049 6183 6783 
3 6986 7283 7383 
3 7398 7401 7493 
3 7690 7735 7842 
3 8174 8469 8594 
3 8748 8832 8882 
3 9074 9155 9224 
3 9804 260 329 
3 391 423 777 
3 822 1016 1183 
3 1320 1355 1447 
3 1557 1585 1631 
3 1647 1811 1890 
3 2052 2176 2285 
3 2348 2863 2978 
3 3016 3243 3310 
3 3363 3427 3440 
3 3633 3780 4158 
3 4416 4584 5009 
3 5176 5222 5404 
3 5680 5862 6033 
3 6151 6224 6282 
3 6285 6395 7001 
3 7192 7474 7628 
3 7637 8077 8278 
3 8345 8495 8513 
3 8557 8655 8883 
3 8893 9082 9393 
3 9469 9662 9772 
3 9839 88 536 
3 566 671 763 
3 815 880 1066 
3 1195 1289 1599 
3 1829 1850 2229 
3 2359 2365 2515 
3 2658 2665 2756 
3 2897 2955 3019 
3 3051 3194 3296 
3 3486 3823 3871 
3 4122 4417 4712 
3 4721 4738 4937 
3 5088 5322 5423 
3 5495 5568 5691 
3 5792 5925 5928 
3 5961 5964 6167 
3 6535 6644 6930 
3 7257 7360 7511 
3 7651 7749 7887 
3 8062 8170 8219 
3 8676 8969 9030 
3 9117 9316 9369 
3 9934 9943 112 
3 114 299 544 
3 607 1039 1211 
3 1555 1764 1832 
3 1862 1864 2352 
3 2433 2633 2700 
3 2909 2933 3109 
3 3158 3414 3434 
3 3453 3529 3549 
3 3644 3852 4271 
3 4365 4422 4441 
3 4466 4733 4828 
3 5263 5275 5347 
3 5364 5473 5479 
3 5722 5892 5929 
3 6009 6622 6634 
3 6880 6881 6945 
3 7162 7260 7364 
3 7797 7840 7858 
3 8503 8532 8595 
3 8631 8763 8812 
3 9084 9371 9547 
3 9788 9794 9811 
3 9905 306 418 
3 481 486 549 
3 577 764 829 
3 1254 1348 1460 
3 1465 1911 1989 
3 2505 2540 2636 
3 2663 3064 3157 
2 3341 3395 
2 3417 3472 
2 3680 4272 
2 4334 4377 
2 4421 4443 
2 5365 5493 
2 5509 5595 
2 5924 5968 
2 6069 6108 
2 6314 6445 
2 6447 6871 
2 7120 7156 
2 7171 7174 
2 7484 7585 
2 7845 7977 
2 7987 8087 
2 8221 8265 
2 9006 9087 
2 9217 9465 
2 9610 9625 
2 9696 9800 
2 228 272 
2 498 521 
2 690 720 
2 798 806 
2 870 910 
2 964 1097 
2 1107 1182 
2 1470 1690 
2 1838 1881 
2 2126 2211 
2 2492 2622 
2 2653 2834 
2 2931 2966 
2 3095 3102 
2 3164 3211 
2 3350 3415 
2 3487 3961 
2 3977 4389 
2 4445 4507 
2 4625 4660 
2 4741 5328 
2 5417 5437 
2 5576 5581 
2 5717 5790 
2 5837 5985 
2 6094 6201 
2 6209 6375 
2 6470 6556 
2 6633 6933 
2 7154 7184 
2 7392 7458 
2 7655 7802 
2 7958 8209 
2 8569 8820 
2 9360 9447 
2 9505 9829 
2 9886 9991 
2 77 202 
2 298 485 
2 571 641 
2 799 1102 
2 1113 1153 
2 1252 1258 
2 1437 1477 
2 1511 1525 
2 1619 1706 
2 2029 2122 
2 2363 2607 
2 2921 3118 
2 3405 3450 
2 4218 4287 
2 4513 4614 
2 4780 5215 
2 5516 6024 
2 6330 6830 
2 7159 7327 
2 7465 7528 
2 8373 8549 
2 8581 8600 
2 8661 8744 
2 9021 9099 
2 9410 9448 
2 9774 542 
2 997 1216 
2 1273 1358 
2 1588 1813 
2 1924 1929 
2 1941 2426 
2 2569 2681 
2 2842 2847 
2 2908 2916 
2 3025 3084 
2 3090 3165 
2 3193 3202 
2 3346 3637 
2 4027 4676 
2 4794 5080 
2 5297 5786 
2 6153 6453 
2 6591 6745 
2 6787 6808 
2 6854 6876 
2 7055 7072 
2 7513 7949 
2 8052 8154 
2 8173 8944 
2 9324 9693 
2 9884 191 
2 309 314 
2 448 939 
2 1158 1395 
2 2370 2518 
2 2552 2959 
2 3073 3138 
2 3333 3497 
2 3522 3898 
2 4384 4938 
2 5282 5376 
2 5439 5884 
2 5887 6082 
2 6341 6358 
2 6615 6968 
2 7311 7719 
2 7973 8131 
2 8211 8312 
2 8749 8805 
2 8826 8891 
2 9000 9081 
2 9139 9226 
2 9330 9484 
2 9495 9646 
2 9669 9673 
2 9694 466 
2 1095 1139 
2 1207 1317 
2 1857 1944 
2 2013 2082 
2 2142 2562 
2 2882 3254 
2 3279 3477 
2 3488 3670 
2 4258 4486 
2 4575 4971 
2 5030 5068 
2 5272 5351 
2 5428 5589 
2 5757 5965 
2 5978 6081 
2 6179 6278 
2 6344 6382 
2 6763 6912 
2 6947 6967 
2 6969 7109 
2 7111 7125 
2 7246 7299 
2 7394 7531 
2 8303 8681 
2 8703 8717 
2 8890 8998 
2 9438 9601 
2 9814 9865 
2 106 215 
2 315 326 
2 515 517 
2 805 1075 
2 1079 1278 
2 1499 2049 
2 2511 2526 
2 2757 2948 
2 3080 3150 
2 3335 3409 
2 3426 3479 
2 4393 4609 
2 5252 5569 
2 5601 5698 
2 5788 6186 
2 6754 7131 
2 7372 7405 
2 8008 8257 
2 8499 8662 
2 8927 9027 
2 9046 9120 
2 9188 9964 
2 2 271 
2 411 449 
2 531 600 
2 776 940 
2 974 1060 
2 1306 1407 
2 1693 1947 
2 2175 2372 
2 2517 2745 
2 3086 3600 
2 3700 3790 
2 4014 4020 
2 4160 4205 
2 4710 4715 
2 4885 5072 
2 5259 6101 
2 6154 6162 
2 6166 6468 
2 6542 6579 
2 6708 6737 
2 6948 6999 
2 7040 7066 
2 7081 7272 
2 7492 7638 
2 7808 7871 
2 8356 8365 
2 8396 8533 
2 9023 9212 
2 9255 9685 
2 9815 9832 
2 9854 169 
2 308 627 
2 961 988 
2 1168 2218 
2 2314 2325 
2 2452 2587 
2 2725 2782 
2 2831 2993 
2 3070 3091 
2 3240 3663 
2 3863 3928 
2 4040 4077 
2 4148 4153 
2 4177 4648 
2 4718 4797 
2 4829 4896 
2 5018 5169 
2 5241 5286 
2 5877 5889 
2 6216 6269 
2 6392 6416 
2 6619 6621 
2 6845 7007 
2 7268 7527 
2 7857 8053 
2 9098 9881 
2 12 130 
2 175 450 
2 759 768 
2 1000 1077 
2 1846 1902 
2 1973 2108 
2 2168 2510 
2 2611 2635 
2 2866 2936 
2 3117 3195 
2 3419 3707 
2 4373 4846 
2 5055 5147 
2 5596 5614 
2 5678 6401 
2 6749 6773 
2 6919 7052 
2 7211 7245 
2 7258 7332 
2 7654 7781 
2 7827 7916 
2 8039 8073 
2 8615 8646 
2 9190 9233 
2 9506 9837 
2 9990 41 
2 181 338 
2 523 638 
2 653 672 
2 1297 1518 
2 1547 1579 
2 1802 2147 
2 3030 3325 
2 3577 3669 
2 3785 4018 
2 4616 4672 
2 4737 5117 
2 5607 6136 
2 6230 6288 
2 6354 7047 
2 7623 7982 
2 7988 8065 
2 8248 8331 
2 8596 8605 
2 8836 9032 
2 9478 255 
2 323 786 
2 895 1413 
2 1541 1594 
2 1635 2066 
2 2543 2695 
2 2740 2773 
2 2821 3222 
2 3373 3444 
2 3502 4327 
2 4701 4802 
2 4819 5038 
2 5150 5274 
2 5469 5740 
2 5816 5851 
2 6402 6832 
2 6905 6924 
2 7058 7306 
2 7334 7343 
2 7433 7656 
2 7732 7766 
2 7772 7855 
2 7900 8381 
2 8419 8446 
2 8463 8742 
2 8881 8933 
2 9175 9473 
2 9623 9648 
2 9706 837 
2 871 881 
2 965 1059 
2 1333 1412 
2 1466 1580 
2 1597 1658 
2 1942 2116 
2 2161 2200 
2 2420 2436 
2 2692 2890 
2 3173 3210 
2 3217 3242 
2 3391 3495 
2 3585 3813 
2 4002 4247 
2 4768 5807 
2 5973 6006 
2 6018 6055 
2 6339 6562 
2 6743 6751 
2 6921 7660 
2 7989 8128 
2 8155 8559 
2 8560 8819 
2 9193 9240 
2 9259 9312 
2 9479 9682 
2 38 51 
2 72 686 
2 695 1020 
2 1082 1575 
2 2415 2424 
2 2502 2504 
2 2551 3110 
2 3321 3467 
2 3695 4184 
2 4444 4739 
2 5032 5419 
2 5782 6143 
2 6435 6441 
2 6650 6730 
2 6804 6868 
2 7381 7745 
2 7919 8147 
2 8214 8429 
2 8610 8628 
2 8794 8855 
2 9010 9145 
2 9821 269 
2 1478 1521 
2 1808 1882 
2 2522 2537 
2 2597 2797 
2 3027 3348 
2 3492 3503 
2 3916 4059 
2 4269 4956 
2 5133 5188 
2 5238 5273 
2 5742 5921 
2 6065 6142 
2 6474 6753 
2 6797 7015 
2 7061 7239 
2 7279 7431 
2 7626 7872 
2 8228 8251 
2 8415 8540 
2 8624 8713 
2 9020 9041 
2 9051 9298 
2 9345 9375 
2 9434 9634 
2 9890 161 
2 677 697 
2 1198 1559 
2 1581 2157 
2 2839 2906 
2 3041 3049 
2 3057 3133 
2 3220 3338 
2 4050 4157 
2 4464 4602 
2 4666 4813 
2 5120 5225 
2 5299 5463 
2 5811 5890 
2 5915 6088 
2 6284 6400 
2 6788 6939 
2 7270 8104 
2 8474 8768 
2 8951 8972 
2 9050 9322 
2 9536 9851 
2 9981 394 
2 598 626 
2 660 734 
2 826 1187 
2 1405 1462 
2 1558 1583 
2 1854 2051 
2 2128 2691 
2 3256 3343 
2 3671 3759 
2 3804 4354 
2 4457 4594 
2 4641 4806 
2 5141 5512 
2 6000 6007 
2 6054 6109 
2 6212 6337 
2 6343 6390 
2 6618 6714 
2 7179 7321 
2 7342 7564 
2 7668 7716 
2 8359 8599 
2 8604 8685 
2 9060 9107 
2 9386 9474 
2 9500 814 
2 938 1162 
2 1444 1920 
2 2380 2423 
2 2439 2823 
2 2889 2963 
2 3399 3586 
2 3623 4505 
2 4545 4754 
2 4928 4954 
2 5099 5333 
2 5448 5453 
2 6319 6493 
2 6570 6606 
2 6690 6704 
2 6821 7099 
2 7266 7467 
2 8455 8747 
2 8984 8988 
2 9245 9248 
2 9284 9592 
2 9664 9812 
2 9869 273 
2 493 546 
2 888 1002 
2 1238 1298 
2 1424 1540 
2 1613 2104 
2 2121 2603 
2 2895 3074 
2 3191 3796 
2 4263 4379 
2 4667 5444 
2 5535 5766 
2 5814 5819 
2 6074 6079 
2 7167 7217 
2 7481 7652 
2 7661 7717 
2 7829 7844 
2 7848 8203 
2 8232 8275 
2 8439 8545 
2 8695 8761 
2 8957 8992 
2 9057 9097 
2 9176 9281 
2 9370 9399 
2 9586 9608 
2 9715 322 
2 537 823 
2 1065 1265 
2 1399 1436 
2 1551 1766 
2 1954 2186 
2 2202 2377 
2 2770 2886 
2 2988 3259 
2 3329 3455 
2 3602 3616 
2 3662 4165 
2 4231 4388 
2 4517 4622 
2 4752 4762 
2 4769 5113 
2 5162 5498 
2 5700 6039 
2 6508 6511 
2 6554 6694 
2 6776 8012 
