160
4 2 4 9 30 
4 37 39 42 43 
4 49 51 53 57 
4 58 62 63 67 
4 68 74 75 77 
4 82 83 84 85 
4 87 88 94 96 
4 98 102 103 110 
4 118 122 125 126 
4 127 130 131 133 
4 134 135 137 140 
4 142 143 145 146 
4 150 157 161 167 
4 168 169 171 173 
4 176 178 179 183 
4 184 191 194 202 
4 205 206 209 211 
4 215 216 220 222 
4 223 224 227 228 
4 229 232 238 239 
4 241 243 246 248 
4 250 253 255 257 
4 260 262 265 270 
4 272 275 281 287 
4 290 291 293 296 
4 297 303 305 308 
4 309 312 313 314 
4 316 317 318 321 
4 323 327 331 335 
4 338 340 342 343 
4 344 346 349 354 
4 355 357 366 368 
4 370 374 380 381 
4 382 383 386 389 
4 393 398 402 404 
4 406 408 413 415 
4 416 417 418 426 
4 428 435 436 440 
4 456 457 458 464 
4 465 466 469 470 
4 471 476 477 478 
4 479 480 481 483 
4 485 487 488 489 
4 491 493 496 16 
4 22 25 26 27 
4 29 32 36 40 
4 41 44 45 46 
4 50 54 56 59 
4 66 69 70 76 
4 78 79 80 81 
4 92 95 100 101 
4 104 106 107 109 
4 112 114 115 116 
4 119 124 128 129 
4 132 136 138 144 
4 148 151 152 153 
4 160 164 172 174 
4 185 186 195 198 
4 200 204 207 217 
4 226 233 237 244 
3 245 247 251 
3 254 259 267 
3 269 274 280 
3 282 284 285 
3 289 295 304 
3 307 325 332 
3 339 341 347 
3 359 361 363 
3 365 372 373 
3 377 378 379 
3 390 395 401 
3 411 425 432 
3 446 450 453 
3 460 461 468 
3 490 494 3 
3 6 8 10 
3 13 18 23 
3 24 31 55 
3 65 71 89 
3 90 91 99 
3 105 117 121 
3 123 139 149 
3 159 162 163 
3 177 180 188 
3 192 201 203 
3 214 218 225 
3 230 235 242 
3 263 268 276 
3 278 283 294 
3 302 328 336 
3 345 348 351 
3 353 362 364 
3 375 384 388 
3 391 392 394 
3 397 399 400 
3 403 407 412 
3 422 424 427 
3 429 431 437 
3 438 442 444 
3 447 449 459 
3 467 472 474 
3 497 5 15 
3 19 20 34 
3 60 61 147 
3 175 181 187 
3 193 199 208 
3 219 231 236 
3 240 249 258 
3 271 273 277 
3 288 292 311 
3 320 324 356 
3 360 367 385 
3 387 396 405 
3 409 419 430 
3 433 439 445 
3 455 473 498 
3 499 0 38 
3 48 52 108 
3 111 113 155 
3 166 210 221 
2 234 261 
2 264 298 
2 310 329 
2 350 371 
2 376 434 
2 448 451 
2 452 463 
2 475 486 
2 11 64 
2 72 73 
2 120 141 
2 156 158 
2 170 182 
2 213 266 
2 301 319 
2 337 410 
2 443 462 
2 484 495 
2 7 17 
2 86 154 
2 189 212 
2 334 352 
2 358 414 
2 492 1 
2 14 21 
2 256 279 
2 299 306 
2 315 322 
2 330 421 
2 454 12 
2 33 47 
2 165 300 
2 326 482 
2 28 35 
2 93 97 
2 190 196 
2 197 252 
2 286 333 
2 369 420 
2 423 441 
